initial.domain 0 1
1 0.5 1
2 0.25 0.5
2 0.75 0.5
3 0.166666666666667 0.333333333333333
3 0.5 0.333333333333333
3 0.833333333333333 0.333333333333333
4 0.125 0.25
4 0.375 0.25
4 0.625 0.25
4 0.875 0.25
5 0.1 0.2
5 0.3 0.2
5 0.5 0.2
5 0.7 0.2
5 0.9 0.2
6 0.0833333333333333 0.166666666666667
6 0.25 0.166666666666667
6 0.416666666666667 0.166666666666667
6 0.583333333333333 0.166666666666667
6 0.75 0.166666666666667
6 0.916666666666667 0.166666666666667
7 0.0714285714285714 0.142857142857143
7 0.214285714285714 0.142857142857143
7 0.357142857142857 0.142857142857143
7 0.5 0.142857142857143
7 0.642857142857143 0.142857142857143
7 0.785714285714286 0.142857142857143
7 0.928571428571428 0.142857142857143
8 0.0625 0.125
8 0.1875 0.125
8 0.3125 0.125
8 0.4375 0.125
8 0.5625 0.125
8 0.6875 0.125
8 0.8125 0.125
8 0.9375 0.125
9 0.0555555555555556 0.111111111111111
9 0.166666666666667 0.111111111111111
9 0.277777777777778 0.111111111111111
9 0.388888888888889 0.111111111111111
9 0.5 0.111111111111111
9 0.611111111111111 0.111111111111111
9 0.722222222222222 0.111111111111111
9 0.833333333333333 0.111111111111111
9 0.944444444444444 0.111111111111111
10 0.05 0.1
10 0.15 0.1
10 0.25 0.1
10 0.35 0.1
10 0.45 0.1
10 0.55 0.1
10 0.65 0.1
10 0.75 0.1
10 0.85 0.1
10 0.95 0.1
11 0.0454545454545455 0.0909090909090909
11 0.136363636363636 0.0909090909090909
11 0.227272727272727 0.0909090909090909
11 0.318181818181818 0.0909090909090909
11 0.409090909090909 0.0909090909090909
11 0.5 0.0909090909090909
11 0.590909090909091 0.0909090909090909
11 0.681818181818182 0.0909090909090909
11 0.772727272727273 0.0909090909090909
11 0.863636363636364 0.0909090909090909
11 0.954545454545455 0.0909090909090909
12 0.0416666666666667 0.0833333333333333
12 0.125 0.0833333333333333
12 0.208333333333333 0.0833333333333333
12 0.291666666666667 0.0833333333333333
12 0.375 0.0833333333333333
12 0.458333333333333 0.0833333333333333
12 0.541666666666667 0.0833333333333333
12 0.625 0.0833333333333333
12 0.708333333333333 0.0833333333333333
12 0.791666666666667 0.0833333333333333
12 0.875 0.0833333333333333
12 0.958333333333333 0.0833333333333333
13 0.0384615384615385 0.0769230769230769
13 0.115384615384615 0.0769230769230769
13 0.192307692307692 0.0769230769230769
13 0.269230769230769 0.0769230769230769
13 0.346153846153846 0.0769230769230769
13 0.423076923076923 0.0769230769230769
13 0.5 0.0769230769230769
13 0.576923076923077 0.0769230769230769
13 0.653846153846154 0.0769230769230769
13 0.730769230769231 0.0769230769230769
13 0.807692307692308 0.0769230769230769
13 0.884615384615385 0.0769230769230769
13 0.961538461538462 0.0769230769230769
14 0.0357142857142857 0.0714285714285714
14 0.107142857142857 0.0714285714285714
14 0.178571428571429 0.0714285714285714
14 0.25 0.0714285714285714
14 0.321428571428571 0.0714285714285714
14 0.392857142857143 0.0714285714285714
14 0.464285714285714 0.0714285714285714
14 0.535714285714286 0.0714285714285714
14 0.607142857142857 0.0714285714285714
14 0.678571428571428 0.0714285714285714
14 0.75 0.0714285714285714
14 0.821428571428571 0.0714285714285714
14 0.892857142857143 0.0714285714285714
14 0.964285714285714 0.0714285714285714
15 0.0333333333333333 0.0666666666666667
15 0.1 0.0666666666666667
15 0.166666666666667 0.0666666666666667
15 0.233333333333333 0.0666666666666667
15 0.3 0.0666666666666667
15 0.366666666666667 0.0666666666666667
15 0.433333333333333 0.0666666666666667
15 0.5 0.0666666666666667
15 0.566666666666667 0.0666666666666667
15 0.633333333333333 0.0666666666666667
15 0.7 0.0666666666666667
15 0.766666666666667 0.0666666666666667
15 0.833333333333333 0.0666666666666667
15 0.9 0.0666666666666667
15 0.966666666666667 0.0666666666666667
